6.649629629629629
7.949814814814815
7.319814814814815
6.216666666666667
9.352222222222222
6.150740740740741
6.0287037037037035
8.268703703703704
6.458333333333333
6.491851851851852
7.972037037037037
5.037222222222222
5.345370370370371
4.44962962962963
5.4185185185185185
6.862037037037037
5.135370370370371
5.223703703703704
5.604259259259259
5.395
4.701851851851852
5.371296296296296
5.554074074074074
4.555370370370371
4.8261111111111115
4.717592592592593
4.135555555555555
4.595370370370371
4.0088888888888885
4.295740740740741
4.031296296296296
4.471481481481481
4.456851851851852
4.445555555555556
4.719814814814815
4.8187037037037035
3.6275925925925927
4.227222222222222
4.8224074074074075
4.775555555555556
3.707962962962963
4.027037037037037
3.8072222222222223
3.5205555555555557
3.3053703703703703
3.5935185185185183
4.254814814814814
3.7814814814814817
3.5714814814814817
3.6261111111111113
3.5462962962962963
3.285185185185185
3.464259259259259
3.8207407407407405
4.187592592592592
3.615
3.845925925925926
3.285
3.0535185185185183
3.513148148148148
4.2444444444444445
3.347777777777778
3.2553703703703705
2.658333333333333
2.7648148148148146
3.0433333333333334
3.2914814814814815
2.9205555555555556
2.9096296296296296
3.026666666666667
2.8124074074074072
2.827962962962963
2.876851851851852
3.0535185185185183
2.905925925925926
2.848333333333333
2.7255555555555557
2.901666666666667
2.6224074074074073
2.6074074074074076
2.782962962962963
2.4266666666666667
2.321851851851852
2.7896296296296295
2.875
3.2825925925925925
2.8353703703703705
2.6127777777777776
2.796666666666667
2.676296296296296
2.7107407407407407
2.533148148148148
2.275
2.478148148148148
2.405
2.35462962962963
2.529074074074074
2.362037037037037
2.864259259259259
2.2887037037037037
