35908
42929
39527
33570
50502
33214
32555
44651
34875
35056
43049
27201
28865
24028
29260
37055
27731
28208
30263
29133
25390
29005
29992
24599
26061
25475
22332
24815
21648
23197
21769
24146
24067
24006
25487
26021
19589
22827
26041
25788
20023
21746
20559
19011
17849
19405
22976
20420
19286
19581
19150
17740
18707
20632
22613
19521
20768
17739
16489
18971
22920
18078
17579
14355
14930
16434
17774
15771
15712
16344
15187
15271
15535
16489
15692
15381
14718
15669
14161
14080
15028
13104
12538
15064
15525
17726
15311
14109
15102
14452
14638
13679
12285
13382
12987
12715
13657
12755
15467
12359
