-23012.0
-29066.0
-26189.0
-20682.0
-35295.0
-22018.0
-20964.0
-31313.0
-22481.0
-23020.0
-29626.0
-15949.0
-17574.0
-13645.0
-17679.0
-23858.0
-17025.0
-17471.0
-18680.0
-17764.0
-14813.0
-17779.0
-17072.0
-14319.0
-15786.0
-14655.0
-12380.0
-14497.0
-11782.0
-13292.0
-12189.0
-13957.0
-13941.0
-14012.0
-14818.0
-13554.0
-9474.0
-12201.0
-15098.0
-13634.0
-10600.0
-11924.0
-10516.0
-9711.0
-9637.0
-9657.0
-12511.0
-10453.0
-9546.0
-10261.0
-9332.0
-8568.0
-9784.0
-10501.0
-11009.0
-10039.0
-10076.0
-8890.0
-7764.0
-9043.0
-11378.0
-8333.0
-8365.0
-6833.0
-6535.0
-7137.0
-9195.0
-7488.0
-7397.0
-7117.0
-6610.0
-7458.0
-6576.0
-7695.0
-7348.0
-6866.0
-5955.0
-6755.0
-5854.0
-5659.0
-5589.0
-5046.0
-4904.0
-6568.0
-6244.0
-7584.0
-5480.0
-5575.0
-6234.0
-5759.0
-5802.0
-5430.0
-4620.0
-5343.0
-5395.0
-5197.0
-5183.0
-4857.0
-5796.0
-4791.0
